0.0	51.6653237611	60.432139419	41.9972943812	43.7336941351	49.7503775371	61.1821501152	50.8760357074	47.1620065611	53.4977762827	63.7846052436	57.1540649592	39.9638650873	56.2141299656	41.4213138495	46.0595094734	53.7081574831	51.9148637345	50.1118054242	40.4815277828	48.5239708133	39.7247992217	43.5267976998	67.5133453017	43.2972133169	54.6984657242	57.9112610162	43.4890416189	40.1981266879	47.7014147182	57.7951274635	50.2312419773	40.1460279273	53.5711421296	60.3081490576	37.9107695301	
51.6653237611	0.0	71.1744380741	46.9886039912	59.7305060632	48.1429179127	64.5439156515	46.8869988034	49.7600507179	52.3342968772	67.6634901528	64.0112241614	50.2065265269	58.6938458306	51.701674185	54.4773239238	55.2823849904	66.080414897	52.5420563262	62.7869550318	34.3778268146	49.6715207275	54.5600396582	75.22027289	63.7860421951	61.6389837987	58.7129444679	62.6623543078	55.7275908408	61.2083367451	43.8483779273	58.4407353037	60.5823674227	58.1389443086	48.5052859871	41.3452638924	
60.432139419	71.1744380741	0.0	41.6841878189	53.0414570286	64.4107460535	42.1869696044	50.7435779091	51.2888780827	64.3144098232	71.169294405	62.1088482871	55.5259922684	54.7530636497	38.4907085231	49.4418422393	55.6633504333	57.2137720986	63.3040757207	49.817887127	50.8669384267	33.3775524556	55.6180288909	60.3233502151	70.7375713817	67.6130790202	38.2821334539	44.2215486979	45.2372431232	42.749051725	62.5655734823	42.1139327375	60.4063975078	39.5077152586	70.0935918864	54.1326325045	
41.9972943812	46.9886039912	41.6841878189	0.0	41.0902222667	58.1564696407	41.4833449192	51.8311526381	51.894802178	62.0145895174	66.534522646	56.1378427745	55.2723066609	55.459045032	43.9899791472	53.9716508505	44.8014584328	52.6610707581	45.7589030408	67.8255550571	38.2813844852	52.2010085083	49.587040799	58.0617488982	40.5032987723	52.7909603355	38.5899535489	41.1072855029	41.8279357515	54.1195113015	52.0185393099	41.755968865	49.2656201422	53.4540687133	64.8066299204	45.9555887978	
43.7336941351	59.7305060632	53.0414570286	41.0902222667	0.0	51.1125195865	44.1251441953	58.4307281255	40.8776615387	46.6108525271	62.8739195709	59.0731375429	42.9776166332	50.5910172222	41.5794332918	61.7048119158	48.3673327506	43.872140807	55.8304551845	38.0824283815	55.9394567068	62.9884870769	45.0427302863	43.9728012634	51.541897937	47.0239940612	41.5587699889	45.8629595645	47.0612550936	47.2327740807	56.7251505056	50.9511535874	49.6644553909	43.7624584013	55.9371653975	40.817478014	
49.7503775371	48.1429179127	64.4107460535	58.1564696407	51.1125195865	0.0	54.5791653472	40.4008725311	46.2751188695	53.3153475317	38.1431104571	65.8861861185	58.9238593	41.4043306994	44.5243706931	48.4660349337	51.212568562	56.6299234655	53.9421265878	40.2903743857	51.7313695875	50.3408091576	47.941791644	80.3387119162	47.8239386266	48.7147832183	48.9186819088	56.3596233704	55.8483907746	62.1861821428	43.8224652062	61.1942181342	52.7545880021	39.1134062051	48.1345779297	49.8298468282	
61.1821501152	64.5439156515	42.1869696044	41.4833449192	44.1251441953	54.5791653472	0.0	39.0069995466	61.4973619399	58.8044001199	48.1638175699	69.9580697974	38.6775075663	48.0661029381	49.138696357	59.2439520003	43.0441461677	43.345152168	50.401045477	56.7253137753	49.0153501391	54.7739083003	62.184368096	62.8626517351	59.8640467685	46.5781107274	47.681562142	51.5455989634	45.3184626677	73.4738548061	57.8081140923	45.6671547636	54.8505010913	47.5150485997	54.3656296296	56.5038629336	
50.8760357074	46.8869988034	50.7435779091	51.8311526381	58.4307281255	40.4008725311	39.0069995466	0.0	45.3161902464	71.8773902752	52.0755561834	67.0416039613	58.1391681733	46.8334418047	46.4166420385	57.7878879467	53.9856723154	61.1799577072	39.657733168	61.210421878	55.4411069583	34.3692419635	49.0640165897	68.7975303132	63.4419432208	52.0753678794	52.1425731341	48.7624095049	44.0301754999	61.9077567902	50.1763188283	55.5468495052	55.1964749729	48.806137546	57.8380654893	48.6174221373	
47.1620065611	49.7600507179	51.2888780827	51.894802178	40.8776615387	46.2751188695	61.4973619399	45.3161902464	0.0	50.6737129665	58.7388610833	53.2832206272	45.757879681	53.2855666805	34.1033622464	40.0409701739	64.9374452719	63.6887536449	54.3952908006	44.7685917146	54.0805539483	55.3334006932	36.7034143884	45.4010436034	59.1291937817	45.0726279225	47.2159274361	53.0361390708	48.948553138	56.573944453	46.6582381702	35.9982235192	60.7066679136	37.6951624465	50.5869602145	42.8463317621	
53.4977762827	52.3342968772	64.3144098232	62.0145895174	46.6108525271	53.3153475317	58.8044001199	71.8773902752	50.6737129665	0.0	60.4074291206	51.4934520117	43.6039567135	41.5838935396	64.9445983507	40.9872290901	47.6913331226	61.1320952017	66.2769758282	43.9250801604	40.6355588596	68.1055776939	52.1376193925	58.2188833497	60.4929614235	48.4258413054	48.1527008639	59.3954518935	42.687232171	50.6835295592	43.9227609768	49.5416303621	43.4829322316	30.4684612253	56.206256953	37.4330003195	
63.7846052436	67.6634901528	71.169294405	66.534522646	62.8739195709	38.1431104571	48.1638175699	52.0755561834	58.7388610833	60.4074291206	0.0	71.4297639728	56.6374598478	46.6423457434	55.7034753008	53.0474476836	64.418256608	52.8381922119	45.4980701756	57.5349751104	58.9307190684	57.5797509845	54.5303299002	68.9734959563	68.8739009028	58.328886195	63.9815003238	81.0925365191	65.9396386559	73.5488529035	56.4277006199	47.1075379911	58.4025149613	49.295218469	52.6667340014	71.5300446281	
57.1540649592	64.0112241614	62.1088482871	56.1378427745	59.0731375429	65.8861861185	69.9580697974	67.0416039613	53.2832206272	51.4934520117	71.4297639728	0.0	51.5960535977	68.0491004486	43.8460735291	57.5518282534	47.0422880544	58.0117527894	48.6843660002	57.0178727989	57.1850657393	51.539133158	60.3788347576	39.3048971249	46.3406411651	42.6674320067	53.361121968	48.0487655382	49.1539581712	58.4208119214	44.7807675244	44.870662673	44.3734274121	61.7603311703	53.4287624474	40.4689991171	
39.9638650873	50.2065265269	55.5259922684	55.2723066609	42.9776166332	58.9238593	38.6775075663	58.1391681733	45.757879681	43.6039567135	56.6374598478	51.5960535977	0.0	66.686851075	55.1743282175	62.2231453142	56.4685657736	45.6597470456	50.9993768071	30.4334359112	53.4182596935	49.2594495521	44.2030174374	55.4778289504	73.0054893307	51.0208817341	50.1196729237	51.1420572401	57.2325588142	63.9599617181	44.5420198551	36.2756851564	50.3364396695	54.1200208925	51.0849191969	44.0043135223	
56.2141299656	58.6938458306	54.7530636497	55.459045032	50.5910172222	41.4043306994	48.0661029381	46.8334418047	53.2855666805	41.5838935396	46.6423457434	68.0491004486	66.686851075	0.0	36.4516167297	35.2567546443	43.8750239004	38.9282549709	57.3805019469	53.9011908024	35.1308571412	50.7212013222	49.4553511214	52.7782064276	54.3295491815	40.0321581705	47.6034062434	51.8965641989	46.1713113773	72.8372170677	60.6339190756	59.5277083236	46.1831440983	32.0378633954	55.0665095072	44.4244983823	
41.4213138495	51.701674185	38.4907085231	43.9899791472	41.5794332918	44.5243706931	49.138696357	46.4166420385	34.1033622464	64.9445983507	55.7034753008	43.8460735291	55.1743282175	36.4516167297	0.0	39.0703368173	45.5356035201	39.9272737277	47.0163535677	45.9303920631	46.7636536657	38.438576406	42.0243528555	53.9814128392	47.9263676249	52.7309635544	48.5799187352	33.0365388005	41.0567314287	55.5587317237	52.1911907754	36.2792203597	54.3118635406	36.4075808176	42.4944206096	50.356720294	
46.0595094734	54.4773239238	49.4418422393	53.9716508505	61.7048119158	48.4660349337	59.2439520003	57.7878879467	40.0409701739	40.9872290901	53.0474476836	57.5518282534	62.2231453142	35.2567546443	39.0703368173	0.0	79.2964790911	64.6746638153	61.9682867342	50.5818901888	42.0760744839	53.994551122	68.0390834516	59.7469525364	52.4278293512	44.7910567805	61.3527871306	65.5892152808	47.2888194108	55.7020439998	47.2196649706	46.9132862637	39.2327090767	47.1700787483	68.854350458	48.8380843016	
53.7081574831	55.2823849904	55.6633504333	44.8014584328	48.3673327506	51.212568562	43.0441461677	53.9856723154	64.9374452719	47.6913331226	64.418256608	47.0422880544	56.4685657736	43.8750239004	45.5356035201	79.2964790911	0.0	41.166489261	57.1104290284	51.2616395252	52.3273141118	47.0966124595	47.8177428748	71.3109181777	53.0220153701	61.3895227357	45.1690907141	48.1661014055	45.4483801384	67.2796844717	68.355283257	63.5566884931	58.4986582178	33.1458371924	47.9282294466	32.2278642798	
51.9148637345	66.080414897	57.2137720986	52.6610707581	43.872140807	56.6299234655	43.345152168	61.1799577072	63.6887536449	61.1320952017	52.8381922119	58.0117527894	45.6597470456	38.9282549709	39.9272737277	64.6746638153	41.166489261	0.0	43.2203581142	38.8333408533	46.5329844594	45.0793109395	50.6961737684	67.0037026328	56.3151673307	48.005566484	48.1242458228	48.2630889741	56.0702402954	67.2254936388	64.4187053811	53.5140291069	54.8372603657	57.8138185689	47.3797483897	48.21213535	
50.1118054242	52.5420563262	63.3040757207	45.7589030408	55.8304551845	53.9421265878	50.401045477	39.657733168	54.3952908006	66.2769758282	45.4980701756	48.6843660002	50.9993768071	57.3805019469	47.0163535677	61.9682867342	57.1104290284	43.2203581142	0.0	61.909646371	55.909798852	39.8578599267	52.242588925	63.3519245164	43.9771929508	51.6398715098	49.3884078714	53.1327035365	36.0380365289	56.7200839196	49.9436604302	55.5450815282	57.3724563918	60.7698348607	39.5953307005	65.0610114906	
40.4815277828	62.7869550318	49.817887127	67.8255550571	38.0824283815	40.2903743857	56.7253137753	61.210421878	44.7685917146	43.9250801604	57.5349751104	57.0178727989	30.4334359112	53.9011908024	45.9303920631	50.5818901888	51.2616395252	38.8333408533	61.909646371	0.0	69.65327076	46.3891404066	40.5841784642	69.7594189079	72.3725444042	49.3616104595	49.8953644869	58.9322147899	57.3970148516	46.5933196226	57.0171775999	61.6630396285	50.2803620226	47.2630811377	46.4494688078	34.9812709691	
48.5239708133	34.3778268146	50.8669384267	38.2813844852	55.9394567068	51.7313695875	49.0153501391	55.4411069583	54.0805539483	40.6355588596	58.9307190684	57.1850657393	53.4182596935	35.1308571412	46.7636536657	42.0760744839	52.3273141118	46.5329844594	55.909798852	69.65327076	0.0	36.855843327	52.9306579137	53.6754868768	40.6777750143	49.0806002408	49.1909808372	51.269928866	44.9217175856	61.2478703341	54.3916078636	40.4782948333	50.4991857227	41.9393294173	60.0713492354	44.9855221926	
39.7247992217	49.6715207275	33.3775524556	52.2010085083	62.9884870769	50.3408091576	54.7739083003	34.3692419635	55.3334006932	68.1055776939	57.5797509845	51.539133158	49.2594495521	50.7212013222	38.438576406	53.994551122	47.0966124595	45.0793109395	39.8578599267	46.3891404066	36.855843327	0.0	37.7593411868	60.8320480938	56.6188295284	63.9218823447	50.3253418098	52.4547846296	46.0654795088	48.8183803324	57.686308668	53.977515358	48.9198080529	45.7771429451	54.1185324769	50.8631273591	
43.5267976998	54.5600396582	55.6180288909	49.587040799	45.0427302863	47.941791644	62.184368096	49.0640165897	36.7034143884	52.1376193925	54.5303299002	60.3788347576	44.2030174374	49.4553511214	42.0243528555	68.0390834516	47.8177428748	50.6961737684	52.242588925	40.5841784642	52.9306579137	37.7593411868	0.0	54.9027431217	61.2310953334	52.9641437562	46.8261371408	45.3005284793	50.5654091002	50.4797748831	56.2870595314	51.4916026499	63.226642157	47.1147873768	51.5340948783	51.244890929	
67.5133453017	75.22027289	60.3233502151	58.0617488982	43.9728012634	80.3387119162	62.8626517351	68.7975303132	45.4010436034	58.2188833497	68.9734959563	39.3048971249	55.4778289504	52.7782064276	53.9814128392	59.7469525364	71.3109181777	67.0037026328	63.3519245164	69.7594189079	53.6754868768	60.8320480938	54.9027431217	0.0	64.7743404646	48.0507089286	49.1591788919	55.0915210165	48.1257297199	67.5357032928	45.4770860119	39.5226591655	45.5880955092	61.1535695689	56.459997085	57.5780409857	
43.2972133169	63.7860421951	70.7375713817	40.5032987723	51.541897937	47.8239386266	59.8640467685	63.4419432208	59.1291937817	60.4929614235	68.8739009028	46.3406411651	73.0054893307	54.3295491815	47.9263676249	52.4278293512	53.0220153701	56.3151673307	43.9771929508	72.3725444042	40.6777750143	56.6188295284	61.2310953334	64.7743404646	0.0	41.0693379637	64.9226694324	42.1447855505	42.1105967785	50.1344854439	48.4121822495	62.2694790143	58.302284485	63.3714999879	62.7862057362	51.0054066063	
54.6984657242	61.6389837987	67.6130790202	52.7909603355	47.0239940612	48.7147832183	46.5781107274	52.0753678794	45.0726279225	48.4258413054	58.328886195	42.6674320067	51.0208817341	40.0321581705	52.7309635544	44.7910567805	61.3895227357	48.005566484	51.6398715098	49.3616104595	49.0806002408	63.9218823447	52.9641437562	48.0507089286	41.0693379637	0.0	44.1845546823	50.6614741944	63.3862654022	57.6986900233	45.2663789696	59.2442450552	37.7382427579	63.2476244415	61.2653854699	46.5432394898	
57.9112610162	58.7129444679	38.2821334539	38.5899535489	41.5587699889	48.9186819088	47.681562142	52.1425731341	47.2159274361	48.1527008639	63.9815003238	53.361121968	50.1196729237	47.6034062434	48.5799187352	61.3527871306	45.1690907141	48.1242458228	49.3884078714	49.8953644869	49.1909808372	50.3253418098	46.8261371408	49.1591788919	64.9226694324	44.1845546823	0.0	42.6897921179	51.9360540176	46.9487237806	48.6215006181	51.5383985231	60.2514844962	45.7847716422	45.8643293037	45.5687146751	
43.4890416189	62.6623543078	44.2215486979	41.1072855029	45.8629595645	56.3596233704	51.5455989634	48.7624095049	53.0361390708	59.3954518935	81.0925365191	48.0487655382	51.1420572401	51.8965641989	33.0365388005	65.5892152808	48.1661014055	48.2630889741	53.1327035365	58.9322147899	51.269928866	52.4547846296	45.3005284793	55.0915210165	42.1447855505	50.6614741944	42.6897921179	0.0	42.0485990572	51.0892007306	41.6006115502	44.2220886444	55.4525843359	55.1938863268	61.2618212163	51.7290898988	
40.1981266879	55.7275908408	45.2372431232	41.8279357515	47.0612550936	55.8483907746	45.3184626677	44.0301754999	48.948553138	42.687232171	65.9396386559	49.1539581712	57.2325588142	46.1713113773	41.0567314287	47.2888194108	45.4483801384	56.0702402954	36.0380365289	57.3970148516	44.9217175856	46.0654795088	50.5654091002	48.1257297199	42.1105967785	63.3862654022	51.9360540176	42.0485990572	0.0	48.6143757907	50.1998016782	43.049965598	46.0564452931	39.8949807433	47.0622894581	39.1881015013	
47.7014147182	61.2083367451	42.749051725	54.1195113015	47.2327740807	62.1861821428	73.4738548061	61.9077567902	56.573944453	50.6835295592	73.5488529035	58.4208119214	63.9599617181	72.8372170677	55.5587317237	55.7020439998	67.2796844717	67.2254936388	56.7200839196	46.5933196226	61.2478703341	48.8183803324	50.4797748831	67.5357032928	50.1344854439	57.6986900233	46.9487237806	51.0892007306	48.6143757907	0.0	52.8957144355	52.0777333392	65.0116811558	55.775167112	51.1172408719	53.10765254	
57.7951274635	43.8483779273	62.5655734823	52.0185393099	56.7251505056	43.8224652062	57.8081140923	50.1763188283	46.6582381702	43.9227609768	56.4277006199	44.7807675244	44.5420198551	60.6339190756	52.1911907754	47.2196649706	68.355283257	64.4187053811	49.9436604302	57.0171775999	54.3916078636	57.686308668	56.2870595314	45.4770860119	48.4121822495	45.2663789696	48.6215006181	41.6006115502	50.1998016782	52.8957144355	0.0	39.7345432865	42.3298710739	57.1557598103	50.7206761123	54.2647043937	
50.2312419773	58.4407353037	42.1139327375	41.755968865	50.9511535874	61.1942181342	45.6671547636	55.5468495052	35.9982235192	49.5416303621	47.1075379911	44.870662673	36.2756851564	59.5277083236	36.2792203597	46.9132862637	63.5566884931	53.5140291069	55.5450815282	61.6630396285	40.4782948333	53.977515358	51.4916026499	39.5226591655	62.2694790143	59.2442450552	51.5383985231	44.2220886444	43.049965598	52.0777333392	39.7345432865	0.0	49.0722430176	40.8314245224	49.9604649346	58.1944547719	
40.1460279273	60.5823674227	60.4063975078	49.2656201422	49.6644553909	52.7545880021	54.8505010913	55.1964749729	60.7066679136	43.4829322316	58.4025149613	44.3734274121	50.3364396695	46.1831440983	54.3118635406	39.2327090767	58.4986582178	54.8372603657	57.3724563918	50.2803620226	50.4991857227	48.9198080529	63.226642157	45.5880955092	58.302284485	37.7382427579	60.2514844962	55.4525843359	46.0564452931	65.0116811558	42.3298710739	49.0722430176	0.0	55.2694841199	74.7544236944	48.9463630538	
53.5711421296	58.1389443086	39.5077152586	53.4540687133	43.7624584013	39.1134062051	47.5150485997	48.806137546	37.6951624465	30.4684612253	49.295218469	61.7603311703	54.1200208925	32.0378633954	36.4075808176	47.1700787483	33.1458371924	57.8138185689	60.7698348607	47.2630811377	41.9393294173	45.7771429451	47.1147873768	61.1535695689	63.3714999879	63.2476244415	45.7847716422	55.1938863268	39.8949807433	55.775167112	57.1557598103	40.8314245224	55.2694841199	0.0	49.4330182732	44.3360716374	
60.3081490576	48.5052859871	70.0935918864	64.8066299204	55.9371653975	48.1345779297	54.3656296296	57.8380654893	50.5869602145	56.206256953	52.6667340014	53.4287624474	51.0849191969	55.0665095072	42.4944206096	68.854350458	47.9282294466	47.3797483897	39.5953307005	46.4494688078	60.0713492354	54.1185324769	51.5340948783	56.459997085	62.7862057362	61.2653854699	45.8643293037	61.2618212163	47.0622894581	51.1172408719	50.7206761123	49.9604649346	74.7544236944	49.4330182732	0.0	56.0642431186	
37.9107695301	41.3452638924	54.1326325045	45.9555887978	40.817478014	49.8298468282	56.5038629336	48.6174221373	42.8463317621	37.4330003195	71.5300446281	40.4689991171	44.0043135223	44.4244983823	50.356720294	48.8380843016	32.2278642798	48.21213535	65.0610114906	34.9812709691	44.9855221926	50.8631273591	51.244890929	57.5780409857	51.0054066063	46.5432394898	45.5687146751	51.7290898988	39.1881015013	53.10765254	54.2647043937	58.1944547719	48.9463630538	44.3360716374	56.0642431186	0.0	
