0.0	51.0854057795	44.9843603184	54.4161512178	49.9616721376	52.4153997991	42.901284169	54.5837992889	47.534628346	35.9319162988	39.482711971	55.932373397	34.9093007172	51.4381265708	64.6914026438	44.6885230253	39.1418993608	43.002771392	48.5142930585	37.7317654606	43.3802057161	57.772555941	53.5555374324	39.1725663785	53.5274676401	
51.0854057795	0.0	44.9976284451	54.4108760707	55.7959925524	52.5368684526	53.0847980667	57.3005879022	43.8112195392	47.0987118375	56.4073242639	42.3592038619	57.8275402615	52.5485342902	50.5744824258	47.4446674132	47.3581403486	59.9852650763	46.6085553997	42.1096854154	41.4572135585	46.0839813075	68.1108337296	50.7583627068	68.0010720565	
44.9843603184	44.9976284451	0.0	50.3980365515	39.0390767753	47.4836292036	33.0747427872	55.9291528149	60.7476153467	48.9939717581	48.4200537242	46.1488944536	47.2164012764	55.2803907463	57.0699704603	41.3507636716	51.2236488527	56.1135601413	53.5626717707	44.9023201766	53.1936037621	44.4644319463	45.6911676953	52.2391946236	46.8864749301	
54.4161512178	54.4108760707	50.3980365515	0.0	49.1423298597	64.1815795107	46.7703830592	51.3646610629	44.5433335965	34.509448627	56.7806186746	54.953428837	63.2383912363	65.179272989	59.0825325805	63.8646006161	52.4476178409	73.3070802218	50.0646514229	58.6243020957	46.8977258599	44.8328110299	40.2350327893	50.3070307693	63.7892255068	
49.9616721376	55.7959925524	39.0390767753	49.1423298597	0.0	53.9834284655	58.3589608037	51.9923134296	61.5192341748	62.0094632883	63.9574085409	46.317330748	53.8508157153	58.3675749836	59.4395223051	54.3213504006	70.624910764	55.0843777047	50.1151338301	39.6037164041	40.9257621231	50.3161643261	46.0718706717	48.4356335996	69.4884302261	
52.4153997991	52.5368684526	47.4836292036	64.1815795107	53.9834284655	0.0	61.6213471405	48.2284726438	45.1728023986	43.9268623419	37.6397005121	45.6995780851	40.1187874211	46.2576381803	55.2600190968	45.0976230395	48.7642672506	49.1773444618	42.5030172965	49.054343541	49.6747857154	41.0507752302	45.8073462956	47.5572234984	53.8298563771	
42.901284169	53.0847980667	33.0747427872	46.7703830592	58.3589608037	61.6213471405	0.0	70.220940778	50.5368425034	42.6956878135	53.2039689359	45.3782786462	45.6683247001	54.9127007582	50.0985904845	56.3017890976	49.4061569969	62.0468223962	42.5218798875	52.9074671374	43.1723977039	60.5941927926	38.5809250683	39.6379706452	39.8939013325	
54.5837992889	57.3005879022	55.9291528149	51.3646610629	51.9923134296	48.2284726438	70.220940778	0.0	55.1222630731	62.7666851755	52.944493535	67.3945220583	53.3727586075	71.1618201527	62.9582319672	54.8933428989	45.2096116411	47.1120120548	57.8438099195	59.7609452271	49.42744065	60.7130700197	49.8444017382	52.9454329189	78.4393264286	
47.534628346	43.8112195392	60.7476153467	44.5433335965	61.5192341748	45.1728023986	50.5368425034	55.1222630731	0.0	30.2257037824	48.0384696972	43.9676533374	44.8926190176	47.9370685035	54.1919958538	41.6104898597	43.6341898615	54.9952845083	50.8745187638	53.2968988152	38.9824868974	42.7358700241	33.5340935307	42.5845135333	56.8005139433	
35.9319162988	47.0987118375	48.9939717581	34.509448627	62.0094632883	43.9268623419	42.6956878135	62.7666851755	30.2257037824	0.0	51.2182574092	43.1812245227	46.4525125523	47.338354895	56.9063150956	48.1064843616	48.7166166292	52.9409550986	53.4649911582	47.8667028425	42.8121929552	50.4664728659	50.5597984777	50.0819301799	41.4907653496	
39.482711971	56.4073242639	48.4200537242	56.7806186746	63.9574085409	37.6397005121	53.2039689359	52.944493535	48.0384696972	51.2182574092	0.0	43.0476824008	36.771002762	51.8391443011	54.310529918	50.5654293129	44.2143922055	43.3402043759	42.6565197067	48.5705378313	47.1544479684	44.1527597599	39.8993115379	54.7027591004	67.5204829776	
55.932373397	42.3592038619	46.1488944536	54.953428837	46.317330748	45.6995780851	45.3782786462	67.3945220583	43.9676533374	43.1812245227	43.0476824008	0.0	50.9768426407	39.0600766986	49.8393562988	44.1654345842	63.0867387499	49.6296883536	48.6737570645	52.2041815057	62.1695394319	55.8400875428	46.8277354242	59.8848770653	69.8942874611	
34.9093007172	57.8275402615	47.2164012764	63.2383912363	53.8508157153	40.1187874211	45.6683247001	53.3727586075	44.8926190176	46.4525125523	36.771002762	50.9768426407	0.0	61.9294097038	57.129959865	37.0425333161	41.8906954723	52.5788949433	44.7145524248	47.1857853743	50.850681435	43.1480974238	49.2425697807	45.6452834826	41.8072122642	
51.4381265708	52.5485342902	55.2803907463	65.179272989	58.3675749836	46.2576381803	54.9127007582	71.1618201527	47.9370685035	47.338354895	51.8391443011	39.0600766986	61.9294097038	0.0	71.1417448934	60.186661882	56.152534576	47.7116928209	56.9292166604	41.134950336	65.2100947853	61.1205670875	53.5040940794	42.1782017212	57.8882819515	
64.6914026438	50.5744824258	57.0699704603	59.0825325805	59.4395223051	55.2600190968	50.0985904845	62.9582319672	54.1919958538	56.9063150956	54.310529918	49.8393562988	57.129959865	71.1417448934	0.0	57.5657993329	71.685932585	47.2110183735	50.0015018242	54.7396916261	55.2071540677	42.3519476031	52.7035872933	48.6205029284	64.2528486532	
44.6885230253	47.4446674132	41.3507636716	63.8646006161	54.3213504006	45.0976230395	56.3017890976	54.8933428989	41.6104898597	48.1064843616	50.5654293129	44.1654345842	37.0425333161	60.186661882	57.5657993329	0.0	45.8576579285	48.6166947206	49.3120579395	43.82980403	46.649833304	45.988710458	50.0628603237	46.243214835	46.3609145877	
39.1418993608	47.3581403486	51.2236488527	52.4476178409	70.624910764	48.7642672506	49.4061569969	45.2096116411	43.6341898615	48.7166166292	44.2143922055	63.0867387499	41.8906954723	56.152534576	71.685932585	45.8576579285	0.0	67.3626411244	51.6704597933	63.6620844142	49.8859500295	48.1757877428	62.8181812727	40.2640261099	52.1364735337	
43.002771392	59.9852650763	56.1135601413	73.3070802218	55.0843777047	49.1773444618	62.0468223962	47.1120120548	54.9952845083	52.9409550986	43.3402043759	49.6296883536	52.5788949433	47.7116928209	47.2110183735	48.6166947206	67.3626411244	0.0	53.94951443	41.2649658338	46.6651056781	54.0398972036	62.3707706442	53.8444046233	53.1764189752	
48.5142930585	46.6085553997	53.5626717707	50.0646514229	50.1151338301	42.5030172965	42.5218798875	57.8438099195	50.8745187638	53.4649911582	42.6565197067	48.6737570645	44.7145524248	56.9292166604	50.0015018242	49.3120579395	51.6704597933	53.94951443	0.0	48.6745027118	42.7828538781	49.9349276314	53.3602156632	36.8991616493	62.7423402055	
37.7317654606	42.1096854154	44.9023201766	58.6243020957	39.6037164041	49.054343541	52.9074671374	59.7609452271	53.2968988152	47.8667028425	48.5705378313	52.2041815057	47.1857853743	41.134950336	54.7396916261	43.82980403	63.6620844142	41.2649658338	48.6745027118	0.0	32.9335257515	51.6716626901	55.0500850226	50.4398992758	64.996724877	
43.3802057161	41.4572135585	53.1936037621	46.8977258599	40.9257621231	49.6747857154	43.1723977039	49.42744065	38.9824868974	42.8121929552	47.1544479684	62.1695394319	50.850681435	65.2100947853	55.2071540677	46.649833304	49.8859500295	46.6651056781	42.7828538781	32.9335257515	0.0	47.4171415464	43.7264395351	46.5204602945	51.302544595	
57.772555941	46.0839813075	44.4644319463	44.8328110299	50.3161643261	41.0507752302	60.5941927926	60.7130700197	42.7358700241	50.4664728659	44.1527597599	55.8400875428	43.1480974238	61.1205670875	42.3519476031	45.988710458	48.1757877428	54.0398972036	49.9349276314	51.6716626901	47.4171415464	0.0	51.1959949095	41.3203692491	43.4498732953	
53.5555374324	68.1108337296	45.6911676953	40.2350327893	46.0718706717	45.8073462956	38.5809250683	49.8444017382	33.5340935307	50.5597984777	39.8993115379	46.8277354242	49.2425697807	53.5040940794	52.7035872933	50.0628603237	62.8181812727	62.3707706442	53.3602156632	55.0500850226	43.7264395351	51.1959949095	0.0	44.9160786458	65.1430944172	
39.1725663785	50.7583627068	52.2391946236	50.3070307693	48.4356335996	47.5572234984	39.6379706452	52.9454329189	42.5845135333	50.0819301799	54.7027591004	59.8848770653	45.6452834826	42.1782017212	48.6205029284	46.243214835	40.2640261099	53.8444046233	36.8991616493	50.4398992758	46.5204602945	41.3203692491	44.9160786458	0.0	36.907250427	
53.5274676401	68.0010720565	46.8864749301	63.7892255068	69.4884302261	53.8298563771	39.8939013325	78.4393264286	56.8005139433	41.4907653496	67.5204829776	69.8942874611	41.8072122642	57.8882819515	64.2528486532	46.3609145877	52.1364735337	53.1764189752	62.7423402055	64.996724877	51.302544595	43.4498732953	65.1430944172	36.907250427	0.0	
